1, 0, 128, 832, Road
1, 1, 128, 832, Road
1, 2, 128, 832, Road
1, 3, 128, 832, Road
1, 4, 128, 832, Road
1, 5, 128, 832, Road
1, 6, 128, 832, Road
1, 7, 128, 832, Road
1, 8, 128, 832, Road
1, 9, 128, 832, Road
1, 10, 128, 832, Road
1, 11, 128, 832, Road
1, 12, 128, 832, Road
1, 13, 128, 832, Road
1, 14, 128, 832, Road
1, 15, 128, 832, Road
1, 16, 128, 832, Road
1, 17, 128, 832, Road
1, 18, 128, 832, Road
1, 19, 128, 832, Road
1, 20, 128, 832, Road
1, 21, 128, 832, Road
1, 22, 128, 832, Road
1, 23, 128, 832, Road
1, 24, 128, 832, Road
1, 25, 128, 832, Road
1, 26, 128, 832, Road
1, 27, 128, 832, Road
1, 28, 128, 832, Road
1, 29, 128, 832, Road
1, 30, 128, 832, Road
2, 30, 128, 832, Road
3, 30, 128, 832, Road
4, 30, 128, 832, Road
5, 30, 128, 832, Road
6, 30, 128, 832, Road
7, 30, 128, 832, Road
8, 30, 128, 832, Road
9, 30, 128, 832, Road
10, 30, 128, 832, Road
11, 30, 128, 832, Road
12, 30, 128, 832, Road
13, 30, 128, 832, Road
14, 30, 128, 832, Road
15, 30, 128, 832, Road
16, 30, 128, 832, Road
17, 30, 128, 832, Road
18, 30, 128, 832, Road
19, 30, 128, 832, Road
20, 30, 128, 832, Road
21, 30, 128, 832, Road
22, 30, 128, 832, Road
23, 30, 128, 832, Road
24, 30, 128, 832, Road
25, 30, 128, 832, Road
26, 30, 128, 832, Road
27, 30, 128, 832, Road
28, 30, 128, 832, Road
29, 30, 128, 832, Road
30, 30, 128, 832, Road
30, 29, 128, 832, Road
30, 28, 128, 832, Road
30, 27, 128, 832, Road
30, 26, 128, 832, Road
30, 25, 128, 832, Road
30, 24, 128, 832, Road
30, 23, 128, 832, Road
30, 22, 128, 832, Road
30, 21, 128, 832, Road
30, 20, 128, 832, Road
30, 19, 128, 832, Road
30, 18, 128, 832, Road
30, 17, 128, 832, Road
30, 16, 128, 832, Road
30, 15, 128, 832, Road
30, 14, 128, 832, Road
30, 13, 128, 832, Road
30, 12, 128, 832, Road
30, 11, 128, 832, Road
30, 10, 128, 832, Road
30, 9, 128, 832, Road
30, 8, 128, 832, Road
30, 7, 128, 832, Road
30, 6, 128, 832, Road
30, 5, 128, 832, Road
30, 4, 128, 832, Road
30, 3, 128, 832, Road
30, 2, 128, 832, Road
30, 1, 128, 832, Road
29, 1, 128, 832, Road
28, 1, 128, 832, Road
27, 1, 128, 832, Road
26, 1, 128, 832, Road
25, 1, 128, 832, Road
24, 1, 128, 832, Road
23, 1, 128, 832, Road
22, 1, 128, 832, Road
21, 1, 128, 832, Road
20, 1, 128, 832, Road
19, 1, 128, 832, Road
18, 1, 128, 832, Road
17, 1, 128, 832, Road
16, 1, 128, 832, Road
15, 1, 128, 832, Road
14, 1, 128, 832, Road
13, 1, 128, 832, Road
12, 1, 128, 832, Road
11, 1, 128, 832, Road
10, 1, 128, 832, Road
9, 1, 128, 832, Road
8, 1, 128, 832, Road
7, 1, 128, 832, Road
6, 1, 128, 832, Road
5, 1, 128, 832, Road
4, 1, 128, 832, Road
3, 1, 128, 832, Road
3, 2, 128, 832, Road
3, 3, 128, 832, Road
3, 4, 128, 832, Road
3, 5, 128, 832, Road
3, 6, 128, 832, Road
3, 7, 128, 832, Road
3, 8, 128, 832, Road
3, 9, 128, 832, Road
3, 10, 128, 832, Road
3, 11, 128, 832, Road
3, 12, 128, 832, Road
3, 13, 128, 832, Road
3, 14, 128, 832, Road
3, 15, 128, 832, Road
3, 16, 128, 832, Road
3, 17, 128, 832, Road
3, 18, 128, 832, Road
3, 19, 128, 832, Road
3, 20, 128, 832, Road
3, 21, 128, 832, Road
3, 22, 128, 832, Road
3, 23, 128, 832, Road
3, 24, 128, 832, Road
3, 25, 128, 832, Road
3, 26, 128, 832, Road
3, 27, 128, 832, Road
3, 28, 128, 832, Road
4, 28, 128, 832, Road
5, 28, 128, 832, Road
6, 28, 128, 832, Road
7, 28, 128, 832, Road
8, 28, 128, 832, Road
9, 28, 128, 832, Road
10, 28, 128, 832, Road
11, 28, 128, 832, Road
12, 28, 128, 832, Road
13, 28, 128, 832, Road
14, 28, 128, 832, Road
15, 28, 128, 832, Road
16, 28, 128, 832, Road
17, 28, 128, 832, Road
18, 28, 128, 832, Road
19, 28, 128, 832, Road
20, 28, 128, 832, Road
21, 28, 128, 832, Road
22, 28, 128, 832, Road
23, 28, 128, 832, Road
24, 28, 128, 832, Road
25, 28, 128, 832, Road
26, 28, 128, 832, Road
27, 28, 128, 832, Road
28, 28, 128, 832, Road
28, 27, 128, 832, Road
28, 26, 128, 832, Road
28, 25, 128, 832, Road
28, 24, 128, 832, Road
28, 23, 128, 832, Road
28, 22, 128, 832, Road
28, 21, 128, 832, Road
28, 20, 128, 832, Road
28, 19, 128, 832, Road
28, 18, 128, 832, Road
28, 17, 128, 832, Road
28, 16, 128, 832, Road
28, 15, 128, 832, Road
28, 14, 128, 832, Road
28, 13, 128, 832, Road
28, 12, 128, 832, Road
28, 11, 128, 832, Road
28, 10, 128, 832, Road
28, 9, 128, 832, Road
28, 8, 128, 832, Road
28, 7, 128, 832, Road
28, 6, 128, 832, Road
28, 5, 128, 832, Road
28, 4, 128, 832, Road
28, 3, 128, 832, Road
27, 3, 128, 832, Road
26, 3, 128, 832, Road
25, 3, 128, 832, Road
24, 3, 128, 832, Road
23, 3, 128, 832, Road
22, 3, 128, 832, Road
21, 3, 128, 832, Road
20, 3, 128, 832, Road
19, 3, 128, 832, Road
18, 3, 128, 832, Road
17, 3, 128, 832, Road
16, 3, 128, 832, Road
15, 3, 128, 832, Road
14, 3, 128, 832, Road
13, 3, 128, 832, Road
12, 3, 128, 832, Road
11, 3, 128, 832, Road
10, 3, 128, 832, Road
9, 3, 128, 832, Road
8, 3, 128, 832, Road
7, 3, 128, 832, Road
6, 3, 128, 832, Road
5, 3, 128, 832, Road
5, 4, 128, 832, Road
5, 5, 128, 832, Road
5, 6, 128, 832, Road
5, 7, 128, 832, Road
5, 8, 128, 832, Road
5, 9, 128, 832, Road
5, 10, 128, 832, Road
5, 11, 128, 832, Road
5, 12, 128, 832, Road
5, 13, 128, 832, Road
5, 14, 128, 832, Road
5, 15, 128, 832, Road
5, 16, 128, 832, Road
5, 17, 128, 832, Road
5, 18, 128, 832, Road
5, 19, 128, 832, Road
5, 20, 128, 832, Road
5, 21, 128, 832, Road
5, 22, 128, 832, Road
5, 23, 128, 832, Road
5, 24, 128, 832, Road
5, 25, 128, 832, Road
5, 26, 128, 832, Road
6, 26, 128, 832, Road
7, 26, 128, 832, Road
8, 26, 128, 832, Road
9, 26, 128, 832, Road
10, 26, 128, 832, Road
11, 26, 128, 832, Road
12, 26, 128, 832, Road
13, 26, 128, 832, Road
14, 26, 128, 832, Road
15, 26, 128, 832, Road
16, 26, 128, 832, Road
17, 26, 128, 832, Road
18, 26, 128, 832, Road
19, 26, 128, 832, Road
20, 26, 128, 832, Road
21, 26, 128, 832, Road
22, 26, 128, 832, Road
23, 26, 128, 832, Road
24, 26, 128, 832, Road
25, 26, 128, 832, Road
26, 26, 128, 832, Road
26, 25, 128, 832, Road
26, 24, 128, 832, Road
26, 23, 128, 832, Road
26, 22, 128, 832, Road
26, 21, 128, 832, Road
26, 20, 128, 832, Road
26, 19, 128, 832, Road
26, 18, 128, 832, Road
26, 17, 128, 832, Road
26, 16, 128, 832, Road
26, 15, 128, 832, Road
26, 14, 128, 832, Road
26, 13, 128, 832, Road
26, 12, 128, 832, Road
26, 11, 128, 832, Road
26, 10, 128, 832, Road
26, 9, 128, 832, Road
26, 8, 128, 832, Road
26, 7, 128, 832, Road
26, 6, 128, 832, Road
26, 5, 128, 832, Road
25, 5, 128, 832, Road
24, 5, 128, 832, Road
23, 5, 128, 832, Road
22, 5, 128, 832, Road
21, 5, 128, 832, Road
20, 5, 128, 832, Road
19, 5, 128, 832, Road
18, 5, 128, 832, Road
17, 5, 128, 832, Road
16, 5, 128, 832, Road
15, 5, 128, 832, Road
14, 5, 128, 832, Road
13, 5, 128, 832, Road
12, 5, 128, 832, Road
11, 5, 128, 832, Road
10, 5, 128, 832, Road
9, 5, 128, 832, Road
8, 5, 128, 832, Road
7, 5, 128, 832, Road
7, 6, 128, 832, Road
7, 7, 128, 832, Road
7, 8, 128, 832, Road
7, 9, 128, 832, Road
7, 10, 128, 832, Road
7, 11, 128, 832, Road
7, 12, 128, 832, Road
7, 13, 128, 832, Road
7, 14, 128, 832, Road
7, 15, 128, 832, Road
7, 16, 128, 832, Road
7, 17, 128, 832, Road
7, 18, 128, 832, Road
7, 19, 128, 832, Road
7, 20, 128, 832, Road
7, 21, 128, 832, Road
7, 22, 128, 832, Road
7, 23, 128, 832, Road
7, 24, 128, 832, Road
8, 24, 128, 832, Road
9, 24, 128, 832, Road
10, 24, 128, 832, Road
11, 24, 128, 832, Road
12, 24, 128, 832, Road
13, 24, 128, 832, Road
14, 24, 128, 832, Road
15, 24, 128, 832, Road
16, 24, 128, 832, Road
17, 24, 128, 832, Road
18, 24, 128, 832, Road
19, 24, 128, 832, Road
20, 24, 128, 832, Road
21, 24, 128, 832, Road
22, 24, 128, 832, Road
23, 24, 128, 832, Road
24, 24, 128, 832, Road
24, 23, 128, 832, Road
24, 22, 128, 832, Road
24, 21, 128, 832, Road
24, 20, 128, 832, Road
24, 19, 128, 832, Road
24, 18, 128, 832, Road
24, 17, 128, 832, Road
24, 16, 128, 832, Road
24, 15, 128, 832, Road
24, 14, 128, 832, Road
24, 13, 128, 832, Road
24, 12, 128, 832, Road
24, 11, 128, 832, Road
24, 10, 128, 832, Road
24, 9, 128, 832, Road
24, 8, 128, 832, Road
24, 7, 128, 832, Road
23, 7, 128, 832, Road
22, 7, 128, 832, Road
21, 7, 128, 832, Road
20, 7, 128, 832, Road
19, 7, 128, 832, Road
18, 7, 128, 832, Road
17, 7, 128, 832, Road
16, 7, 128, 832, Road
15, 7, 128, 832, Road
14, 7, 128, 832, Road
13, 7, 128, 832, Road
12, 7, 128, 832, Road
11, 7, 128, 832, Road
10, 7, 128, 832, Road
9, 7, 128, 832, Road
9, 8, 128, 832, Road
9, 9, 128, 832, Road
9, 10, 128, 832, Road
9, 11, 128, 832, Road
9, 12, 128, 832, Road
9, 13, 128, 832, Road
9, 14, 128, 832, Road
9, 15, 128, 832, Road
9, 16, 128, 832, Road
9, 17, 128, 832, Road
9, 18, 128, 832, Road
9, 19, 128, 832, Road
9, 20, 128, 832, Road
9, 21, 128, 832, Road
9, 22, 128, 832, Road
10, 22, 128, 832, Road
11, 22, 128, 832, Road
12, 22, 128, 832, Road
13, 22, 128, 832, Road
14, 22, 128, 832, Road
15, 22, 128, 832, Road
16, 22, 128, 832, Road
17, 22, 128, 832, Road
18, 22, 128, 832, Road
19, 22, 128, 832, Road
20, 22, 128, 832, Road
21, 22, 128, 832, Road
22, 22, 128, 832, Road
22, 21, 128, 832, Road
22, 20, 128, 832, Road
22, 19, 128, 832, Road
22, 18, 128, 832, Road
22, 17, 128, 832, Road
22, 16, 128, 832, Road
22, 15, 128, 832, Road
22, 14, 128, 832, Road
22, 13, 128, 832, Road
22, 12, 128, 832, Road
22, 11, 128, 832, Road
22, 10, 128, 832, Road
22, 9, 128, 832, Road
21, 9, 128, 832, Road
20, 9, 128, 832, Road
19, 9, 128, 832, Road
18, 9, 128, 832, Road
17, 9, 128, 832, Road
16, 9, 128, 832, Road
15, 9, 128, 832, Road
14, 9, 128, 832, Road
13, 9, 128, 832, Road
12, 9, 128, 832, Road
11, 9, 128, 832, Road
11, 10, 128, 832, Road
11, 11, 128, 832, Road
11, 12, 128, 832, Road
11, 13, 128, 832, Road
11, 14, 128, 832, Road
11, 15, 128, 832, Road
11, 16, 128, 832, Road
11, 17, 128, 832, Road
11, 18, 128, 832, Road
11, 19, 128, 832, Road
11, 20, 128, 832, Road
12, 20, 128, 832, Road
13, 20, 128, 832, Road
14, 20, 128, 832, Road
15, 20, 128, 832, Road
16, 20, 128, 832, Road
17, 20, 128, 832, Road
18, 20, 128, 832, Road
19, 20, 128, 832, Road
20, 20, 128, 832, Road
20, 19, 128, 832, Road
20, 18, 128, 832, Road
20, 17, 128, 832, Road
20, 16, 128, 832, Road
20, 15, 128, 832, Road
20, 14, 128, 832, Road
20, 13, 128, 832, Road
20, 12, 128, 832, Road
20, 11, 128, 832, Road
19, 11, 128, 832, Road
18, 11, 128, 832, Road
17, 11, 128, 832, Road
16, 11, 128, 832, Road
15, 11, 128, 832, Road
14, 11, 128, 832, Road
13, 11, 128, 832, Road
13, 12, 128, 832, Road
13, 13, 128, 832, Road
13, 14, 128, 832, Road
13, 15, 128, 832, Road
13, 16, 128, 832, Road
13, 17, 128, 832, Road
13, 18, 128, 832, Road
14, 18, 128, 832, Road
15, 18, 128, 832, Road
16, 18, 128, 832, Road
17, 18, 128, 832, Road
18, 18, 128, 832, Road
18, 17, 128, 832, Road
18, 16, 128, 832, Road
18, 15, 128, 832, Road
18, 14, 128, 832, Road
18, 13, 128, 832, Road
17, 13, 128, 832, Road
16, 13, 128, 832, Road
15, 13, 128, 832, Road
15, 14, 128, 832, Road
15, 15, 128, 832, Road
15, 16, 128, 832, Road
16, 16, 128, 832, Road
