0 0 35 35
35 0 35 35
70 0 35 35
140 0 35 35
105 0 35 35
210 0 35 35
175 0 35 35
245 0 35 35
280 0 35 35
315 0 35 35
350 0 35 35
420 0 35 35
385 0 35 35
455 0 35 35
490 0 35 35
525 0 35 35
560 0 35 35
630 0 35 35
595 0 35 35
665 0 35 35
700 0 35 35
735 0 35 35
770 0 35 35
805 0 35 35
840 0 35 35
875 0 35 35
910 0 35 35
945 0 35 35
980 0 35 35
1050 0 35 35
1015 0 35 35
1085 0 35 35
1085 35 35 35
1085 70 35 35
1085 105 35 35
1085 140 35 35
1085 175 35 35
1085 245 35 35
1085 280 35 35
1085 210 35 35
1085 315 35 35
1085 385 35 35
1085 350 35 35
1085 420 35 35
1085 455 35 35
1085 490 35 35
1085 525 35 35
1085 560 35 35
1085 630 35 35
1085 595 35 35
1085 665 35 35
1085 700 35 35
1085 735 35 35
1085 770 35 35
1085 805 35 35
1085 840 35 35
1085 875 35 35
1085 910 35 35
1085 945 35 35
1050 945 35 35
1015 945 35 35
945 945 35 35
980 945 35 35
910 945 35 35
840 945 35 35
875 945 35 35
805 945 35 35
770 945 35 35
700 945 35 35
630 945 35 35
595 945 35 35
560 945 35 35
525 945 35 35
490 945 35 35
455 945 35 35
420 945 35 35
385 945 35 35
315 945 35 35
280 945 35 35
245 945 35 35
175 945 35 35
140 945 35 35
105 945 35 35
70 945 35 35
35 945 35 35
0 945 35 35
0 910 35 35
0 875 35 35
0 840 35 35
0 805 35 35
0 770 35 35
0 735 35 35
0 700 35 35
0 630 35 35
0 665 35 35
0 560 35 35
0 595 35 35
0 525 35 35
0 490 35 35
0 455 35 35
0 420 35 35
0 385 35 35
0 350 35 35
0 280 35 35
0 245 35 35
0 315 35 35
0 210 35 35
0 175 35 35
0 140 35 35
0 105 35 35
0 70 35 35
0 35 35 35
210 945 35 35
350 945 35 35
665 945 35 35
735 945 35 35
35 140 35 35
70 140 35 35
105 140 35 35
140 140 35 35
175 140 35 35
210 175 35 35
245 210 35 35
280 245 35 35
315 280 35 35
350 315 35 35
385 350 35 35
420 350 35 35
455 350 35 35
490 350 35 35
525 315 35 35
560 280 35 35
595 245 35 35
490 245 35 35
385 245 35 35
420 210 35 35
455 210 35 35
630 245 35 35
665 245 35 35
665 280 35 35
665 315 35 35
700 315 35 35
735 315 35 35
770 315 35 35
805 315 35 35
840 315 35 35
840 280 35 35
840 245 35 35
875 245 35 35
805 280 35 35
910 245 35 35
945 280 35 35
945 315 35 35
980 315 35 35
1050 385 35 35
1050 350 35 35
1015 385 35 35
945 420 35 35
980 455 35 35
945 455 35 35
1050 490 35 35
1015 525 35 35
1050 525 35 35
945 560 35 35
945 595 35 35
980 595 35 35
1050 630 35 35
1050 665 35 35
1015 665 35 35
980 665 35 35
945 665 35 35
910 665 35 35
875 665 35 35
840 665 35 35
840 630 35 35
805 630 35 35
770 595 35 35
735 595 35 35
700 595 35 35
35 595 35 35
105 595 35 35
140 595 35 35
175 595 35 35
245 595 35 35
315 595 35 35
385 595 35 35
455 595 35 35
525 595 35 35
595 595 35 35
700 630 35 35
700 665 35 35
595 630 35 35
595 665 35 35
700 700 35 35
700 735 35 35
700 770 35 35
700 805 35 35
700 840 35 35
595 700 35 35
595 735 35 35
595 770 35 35
595 805 35 35
595 840 35 35
630 840 35 35
665 770 35 35
630 700 35 35
665 630 35 35
665 910 35 35
